Volume (micron^3)	Surface (micron^2)	Nb of obj. voxels	Nb of surf. voxels	IntDen	Mean	StdDev	Median	Min	Max	X	Y	Z	Mean dist. to surf. (micron)	SD dist. to surf. (micron)	Median dist. to surf. (micron)	XM	YM	ZM	BX	BY	BZ	B-width	B-height	B-depth
17.309	73.925	3092	1093	5638184	1823.475	320.535	1773	1157	3347	18.098	20.459	15.206	0	0	0	0	0	0	0	0	0	0	0	0	particle0.tif
13.278	52.123	2372	807	5122878	2159.729	369.391	2097.500	1355	3416	18.605	20.341	12.350	0	0	0	0	0	0	0	0	0	0	0	0	particle1.tif
15.445	63.518	2759	960	4788861	1735.724	334.478	1667.000	1012	2967	26.536	23.106	16.625	0	0	0	0	0	0	0	0	0	0	0	0	particle11.tif
15.265	56.694	2727	884	5333802	1955.923	339.222	1910	1140	3237	18.054	18.352	16.470	0	0	0	0	0	0	0	0	0	0	0	0	particle2.tif
10.921	44.338	1951	737	3232187	1656.682	264.558	1622.000	1008	2571	18.614	18.217	14.738	0	0	0	0	0	0	0	0	0	0	0	0	particle3.tif
15.657	63.671	2797	1026	5159340	1844.598	302.903	1807	1121	2946	16.039	21.260	15.897	0	0	0	0	0	0	0	0	0	0	0	0	particle4.tif
16.799	71.510	3001	1067	5133129	1710.473	297.472	1664	1038	3222	21.400	21.976	15.403	0	0	0	0	0	0	0	0	0	0	0	0	particle5.tif
17.695	63.287	3161	1001	4941427	1563.248	255.046	1543	967	2325	21.090	21.459	13.113	0	0	0	0	0	0	0	0	0	0	0	0	particle6.tif
21.608	79.314	3860	1213	5504730	1426.096	227.877	1402	828	2304	20.192	19.178	14.423	0	0	0	0	0	0	0	0	0	0	0	0	particle7.tif
15.769	62.051	2817	961	4243297	1506.318	286.156	1452	935	2648	21.847	20.229	16.791	0	0	0	0	0	0	0	0	0	0	0	0	particle8.tif
8.206	32.664	1466	532	2536512	1730.226	260.126	1716.000	1112	2543	19.055	19.405	15.635	0	0	0	0	0	0	0	0	0	0	0	0	particle9.tif
