Volume (micron^3)	Surface (micron^2)	Nb of obj. voxels	Nb of surf. voxels	IntDen	Mean	StdDev	Median	Min	Max	X	Y	Z	Mean dist. to surf. (micron)	SD dist. to surf. (micron)	Median dist. to surf. (micron)	XM	YM	ZM	BX	BY	BZ	B-width	B-height	B-depth
10.765	40.572	1923	642	3670361	1908.664	342.239	1862	1122	3356	17.410	17.246	14.176	0	0	0	0	0	0	0	0	0	0	0	0	particle0.tif
13.440	45.349	2401	739	4344008	1809.250	382.125	1765	879	3438	17.299	17.119	18.519	0	0	0	0	0	0	0	0	0	0	0	0	particle1.tif
12.354	46.003	2207	705	4176189	1892.247	452.355	1805.000	886	3286	15.208	13.759	19.106	0	0	0	0	0	0	0	0	0	0	0	0	particle10.tif
9.556	38.653	1707	568	3097227	1814.427	377.040	1760	975	3073	16.429	13.897	15.000	0	0	0	0	0	0	0	0	0	0	0	0	particle12.tif
8.458	35.204	1511	543	3034273	2008.122	390.172	1963.000	1214	3479	17.222	17.837	15.100	0	0	0	0	0	0	0	0	0	0	0	0	particle13.tif
13.166	51.958	2352	769	4424044	1880.971	388.416	1813.500	1054	3399	17.680	19.860	14.626	0	0	0	0	0	0	0	0	0	0	0	0	particle15.tif
12.248	46.651	2188	696	3660084	1672.799	318.583	1625.000	988	2984	19.345	16.209	13.160	0	0	0	0	0	0	0	0	0	0	0	0	particle2.tif
14.073	50.999	2514	812	4241001	1686.953	299.946	1649.500	1006	2974	17.780	15.562	16.422	0	0	0	0	0	0	0	0	0	0	0	0	particle3.tif
11.241	47.726	2008	720	3180493	1583.911	276.679	1547	935	2618	15.805	17.739	16.296	0	0	0	0	0	0	0	0	0	0	0	0	particle4.tif
12.265	44.752	2191	689	4044669	1846.038	379.773	1787.000	1093	3148	17.187	17.317	13.216	0	0	0	0	0	0	0	0	0	0	0	0	particle5.tif
12.976	47.189	2318	725	3741893	1614.276	269.012	1589.000	971	2787	19.063	17.834	16.270	0	0	0	0	0	0	0	0	0	0	0	0	particle6.tif
13.670	54.345	2442	830	3714625	1521.141	243.155	1504.000	960	2520	18.179	16.810	15.973	0	0	0	0	0	0	0	0	0	0	0	0	particle7.tif
9.500	38.044	1697	624	3260817	1921.519	363.511	1869	1071	3197	16.873	17.332	16.609	0	0	0	0	0	0	0	0	0	0	0	0	particle8.tif
10.082	42.106	1801	685	3295568	1829.854	339.551	1780.000	1141	3050	18.300	17.242	14.893	0	0	0	0	0	0	0	0	0	0	0	0	particle9.tif
