Volume (micron^3)	Surface (micron^2)	Nb of obj. voxels	Nb of surf. voxels	IntDen	Mean	StdDev	Median	Min	Max	X	Y	Z	Mean dist. to surf. (micron)	SD dist. to surf. (micron)	Median dist. to surf. (micron)	XM	YM	ZM	BX	BY	BZ	B-width	B-height	B-depth
14.722	55.851	2630	869	5007065	1903.827	334.902	1860	1144	3171	22.320	22.824	11.958	0	0	0	0	0	0	0	0	0	0	0	0	particle0.tif
17.029	55.308	3042	911	5509076	1811.005	352.315	1764	969	3294	22.551	22.917	18.151	0	0	0	0	0	0	0	0	0	0	0	0	particle1.tif
13.653	52.779	2439	807	3269266	1340.412	222.252	1317.000	827	2167	23.376	25.410	15.334	0	0	0	0	0	0	0	0	0	0	0	0	particle10.tif
12.259	47.579	2190	754	2924542	1335.407	195.880	1312.500	851	2130	25.654	25.862	16.129	0	0	0	0	0	0	0	0	0	0	0	0	particle11.tif
24.855	83.586	4440	1324	6220501	1401.014	263.623	1357	851	2584	17.897	21.939	19.250	0	0	0	0	0	0	0	0	0	0	0	0	particle12.tif
15.417	52.870	2754	863	4325638	1570.675	283.088	1541	914	2636	20.994	22.162	15.998	0	0	0	0	0	0	0	0	0	0	0	0	particle13.tif
15.181	56.174	2712	910	4513762	1664.367	312.673	1614.000	973	2959	22.159	24.385	17.119	0	0	0	0	0	0	0	0	0	0	0	0	particle2.tif
18.277	63.039	3265	1020	5202821	1593.513	288.837	1553.000	900	2812	24.520	23.222	17.251	0	0	0	0	0	0	0	0	0	0	0	0	particle3.tif
11.772	42.039	2103	669	3794104	1804.139	314.732	1767	1130	2799	20.334	24.435	15.466	0	0	0	0	0	0	0	0	0	0	0	0	particle4.tif
14.101	54.307	2519	827	3961207	1572.532	278.891	1543.000	933	2717	19.823	23.404	16.558	0	0	0	0	0	0	0	0	0	0	0	0	particle5.tif
16.715	70.504	2986	1072	3558705	1191.797	189.490	1166.000	711	2105	23.133	23.428	17.883	0	0	0	0	0	0	0	0	0	0	0	0	particle7.tif
15.417	52.870	2754	863	4325638	1570.675	283.088	1541	914	2636	20.994	22.162	15.998	0	0	0	0	0	0	0	0	0	0	0	0	particle8.tif
15.540	59.159	2776	909	3881225	1398.136	259.157	1358.000	876	2381	22.828	22.049	17.012	0	0	0	0	0	0	0	0	0	0	0	0	particle9.tif
