Volume (micron^3)	Surface (micron^2)	Nb of obj. voxels	Nb of surf. voxels	IntDen	Mean	StdDev	Median	Min	Max	X	Y	Z	Mean dist. to surf. (micron)	SD dist. to surf. (micron)	Median dist. to surf. (micron)	XM	YM	ZM	BX	BY	BZ	B-width	B-height	B-depth
23.634	90.800	4222	1430	6228718	1475.300	314.635	1414.500	854	2688	20.370	21.809	7.878	0	0	0	0	0	0	0	0	0	0	0	0	particle0.tif
22.100	84.668	3948	1364	5575746	1412.296	238.237	1375	912	2506	20.846	22.096	14.771	0	0	0	0	0	0	0	0	0	0	0	0	particle1.tif
15.500	56.701	2769	892	4846525	1750.280	349.681	1686.000	1079	3347	20.805	15.328	17.772	0	0	0	0	0	0	0	0	0	0	0	0	particle2.tif
20.247	70.265	3617	1103	5799238	1603.328	319.511	1540	931	2917	18.496	20.079	18.955	0	0	0	0	0	0	0	0	0	0	0	0	particle3.tif
14.980	61.233	2676	962	4663245	1742.618	307.140	1705	1024	2918	21.004	20.639	14.973	0	0	0	0	0	0	0	0	0	0	0	0	particle4.tif
20.757	71.773	3708	1161	4814892	1298.515	207.333	1278.000	793	2164	21.327	21.428	16.306	0	0	0	0	0	0	0	0	0	0	0	0	particle5.tif
20.790	81.154	3714	1253	5069363	1364.933	229.712	1328	819	2306	22.128	20.085	18.137	0	0	0	0	0	0	0	0	0	0	0	0	particle6.tif
23.752	94.704	4243	1422	5609357	1322.026	243.568	1284.000	805	2231	17.949	20.043	15.780	0	0	0	0	0	0	0	0	0	0	0	0	particle7.tif
25.342	119.226	4527	1870	6109529	1349.576	228.348	1311	856	2513	18.957	23.138	18.359	0	0	0	0	0	0	0	0	0	0	0	0	particle8.tif
