Volume (micron^3)	Surface (micron^2)	Nb of obj. voxels	Nb of surf. voxels	IntDen	Mean	StdDev	Median	Min	Max	X	Y	Z	Mean dist. to surf. (micron)	SD dist. to surf. (micron)	Median dist. to surf. (micron)	XM	YM	ZM	BX	BY	BZ	B-width	B-height	B-depth
19.704	75.050	3520	1156	6855147	1947.485	359.242	1883	1161	3431	18.518	19.166	15.009	0	0	0	0	0	0	0	0	0	0	0	0	particle0.tif
20.136	66.278	3597	1023	6742151	1874.382	280.221	1852.000	1055	3082	20.197	17.722	13.662	0	0	0	0	0	0	0	0	0	0	0	0	particle1.tif
23.685	92.505	4231	1405	7222675	1707.085	321.483	1641.000	998	3193	25.028	19.958	17.880	0	0	0	0	0	0	0	0	0	0	0	0	particle10.tif
23.545	90.202	4206	1376	7100452	1688.172	286.661	1646.500	1018	2931	17.567	22.005	17.287	0	0	0	0	0	0	0	0	0	0	0	0	particle11.tif
31.393	140.763	5608	2139	8308185	1481.488	207.074	1458	973	2322	20.575	21.593	16.630	0	0	0	0	0	0	0	0	0	0	0	0	particle2.tif
20.902	80.886	3734	1247	6294901	1685.833	271.344	1645.500	1048	2854	23.637	23.690	13.100	0	0	0	0	0	0	0	0	0	0	0	0	particle3.tif
27.374	110.591	4890	1679	7711974	1577.091	248.747	1543.000	953	2716	23.003	18.648	15.951	0	0	0	0	0	0	0	0	0	0	0	0	particle4.tif
21.725	80.924	3881	1235	6495771	1673.736	286.257	1627	995	2948	23.877	20.224	15.510	0	0	0	0	0	0	0	0	0	0	0	0	particle5.tif
26.377	100.630	4712	1523	7153298	1518.102	269.866	1476.000	911	2602	22.272	25.827	14.981	0	0	0	0	0	0	0	0	0	0	0	0	particle6.tif
22.106	84.541	3949	1303	6228624	1577.266	264.358	1536.000	901	2914	21.751	23.367	16.267	0	0	0	0	0	0	0	0	0	0	0	0	particle7.tif
21.585	71.198	3856	1133	5839415	1514.371	242.678	1479.000	966	2618	22.850	26.951	16.179	0	0	0	0	0	0	0	0	0	0	0	0	particle8.tif
23.567	78.613	4210	1234	6472339	1537.373	270.559	1502.000	956	2730	23.765	24.711	18.570	0	0	0	0	0	0	0	0	0	0	0	0	particle9.tif
