Volume (micron^3)	Surface (micron^2)	Nb of obj. voxels	Nb of surf. voxels	IntDen	Mean	StdDev	Median	Min	Max	X	Y	Z	Mean dist. to surf. (micron)	SD dist. to surf. (micron)	Median dist. to surf. (micron)	XM	YM	ZM	BX	BY	BZ	B-width	B-height	B-depth
20.012	75.050	3575	1138	6643275	1858.259	334.009	1813	1047	3182	20.763	22.143	16.524	0	0	0	0	0	0	0	0	0	0	0	0	particle0.tif
19.581	72.315	3498	1112	6229417	1780.851	326.813	1728	1004	3339	24.089	20.813	15.768	0	0	0	0	0	0	0	0	0	0	0	0	particle1.tif
17.667	83.081	3156	1285	5246123	1662.270	290.760	1614	1051	2996	20.085	21.665	14.480	0	0	0	0	0	0	0	0	0	0	0	0	particle2.tif
21.104	79.876	3770	1272	6595225	1749.397	318.112	1698	990	3081	23.119	19.693	16.180	0	0	0	0	0	0	0	0	0	0	0	0	particle3.tif
19.369	67.840	3460	1025	6319682	1826.498	323.650	1778.500	1075	2928	21.331	20.523	14.382	0	0	0	0	0	0	0	0	0	0	0	0	particle4.tif
30.536	116.602	5455	1772	8892118	1630.086	304.844	1578.000	836	3146	20.686	21.094	16.118	0	0	0	0	0	0	0	0	0	0	0	0	particle5.tif
16.715	64.078	2986	990	4954393	1659.207	271.875	1628.000	1045	2650	21.548	19.558	16.205	0	0	0	0	0	0	0	0	0	0	0	0	particle6.tif
20.958	84.539	3744	1271	5117785	1366.930	223.799	1337	789	2372	20.659	19.400	15.634	0	0	0	0	0	0	0	0	0	0	0	0	particle7.tif
26.607	100.316	4753	1607	6157220	1295.439	205.027	1268.000	831	2190	20.037	20.958	17.371	0	0	0	0	0	0	0	0	0	0	0	0	particle8.tif
18.389	63.309	3285	963	4577640	1393.498	226.078	1375	860	2221	18.124	19.410	16.853	0	0	0	0	0	0	0	0	0	0	0	0	particle9.tif
