Volume (micron^3)	Surface (micron^2)	Nb of obj. voxels	Nb of surf. voxels	IntDen	Mean	StdDev	Median	Min	Max	X	Y	Z	Mean dist. to surf. (micron)	SD dist. to surf. (micron)	Median dist. to surf. (micron)	XM	YM	ZM	BX	BY	BZ	B-width	B-height	B-depth
26.943	109.403	4813	1670	8784023	1825.062	302.238	1778.000	1127	3493	27.425	29.659	16.893	0	0	0	0	0	0	0	0	0	0	0	0	particle0.tif
22.946	90.745	4099	1357	6896830	1682.564	312.539	1627	1004	3060	21.733	24.278	14.328	0	0	0	0	0	0	0	0	0	0	0	0	particle1.tif
24.911	116.790	4450	1725	5970426	1341.669	201.055	1317	837	2228	19.721	18.949	18.213	0	0	0	0	0	0	0	0	0	0	0	0	particle10.tif
30.441	131.102	5438	2098	7329418	1347.815	223.774	1312.000	753	2364	18.277	22.673	17.411	0	0	0	0	0	0	0	0	0	0	0	0	particle11.tif
23.091	96.198	4125	1466	5509150	1335.552	201.804	1312	791	2188	21.385	23.730	15.572	0	0	0	0	0	0	0	0	0	0	0	0	particle12.tif
23.673	81.810	4229	1269	6272509	1483.213	277.124	1439.000	851	2717	21.838	18.791	18.924	0	0	0	0	0	0	0	0	0	0	0	0	particle13.tif
29.921	112.703	5345	1731	9386842	1756.191	594.323	1621.000	993	6164	21.064	18.528	15.508	0	0	0	0	0	0	0	0	0	0	0	0	particle14.tif
21.406	92.613	3824	1407	6879338	1798.990	316.337	1751	1063	3691	21.542	25.254	16.794	0	0	0	0	0	0	0	0	0	0	0	0	particle15.tif
22.531	84.590	4025	1276	6154316	1529.023	268.364	1500	908	2639	17.869	20.598	15.096	0	0	0	0	0	0	0	0	0	0	0	0	particle3.tif
22.263	84.547	3977	1310	6315141	1587.916	285.058	1542	874	2780	21.214	19.749	15.141	0	0	0	0	0	0	0	0	0	0	0	0	particle5.tif
22.934	98.010	4097	1525	6312772	1540.828	254.259	1501	948	2585	20.519	23.291	14.596	0	0	0	0	0	0	0	0	0	0	0	0	particle6.tif
32.227	101.985	5757	1527	8699932	1511.192	263.504	1474.000	860	2733	19.953	22.253	18.710	0	0	0	0	0	0	0	0	0	0	0	0	particle7.tif
23.589	91.441	4214	1362	6697022	1589.232	287.737	1542.000	836	2914	21.656	20.467	12.743	0	0	0	0	0	0	0	0	0	0	0	0	particle8.tif
35.462	120.613	6335	1855	8759570	1382.726	223.153	1356.000	807	2390	22.086	21.783	14.816	0	0	0	0	0	0	0	0	0	0	0	0	particle9.tif
